-0.8831930633387115
0.5740653546626777
0.5001319042769772
0.8812203781121553
0.7903750813833723
-0.7847866395906631
0.04291874996916534
-0.7828644296699544
0.4144550108376901
-0.06877856275629135
0.6082067398587954
-0.1488453406288981
0.8303698616691526
-0.3583953120566181
-0.014975271503974485
0.8617557920668426
0.22630142689802812
0.7472121389343522
-0.7044492767862209
-0.5478549271413087
0.2293972099778505
0.4285317707167642
-0.6687960334878722
0.6974527395796328
0.753691172599541
0.07001172700722758
-0.217918079653741
-0.4470274927846286
-0.9214897725966329
0.5462346880527305
0.20320148370391866
0.7733354622845203
-0.47993157172875717
-0.7850605053036496
0.7946298437649262
-0.10940171356829398
-0.7319749824920252
0.9262001943157598
0.33781305991499533
0.27860450463119246
-0.9060122153759039
0.692368147064716
0.17485394415581346
0.21342009458525557
0.9322327288087768
0.356328596545308
-0.0014674090505337745
-0.5194335799038707
-0.48695459119047096
0.18918178275663533
0.08616476961167918
0.8702162045460067
0.48288570545986653
0.8050301631081442
-0.4347274361564918
0.4279968296108345
0.3743854868204024
-0.20112232357426862
-0.8752773358983535
-0.5647343157114064
0.941970179737964
-0.08848356623229126
-0.5121289651498842
0.35795145566248565
0.3357847897470201
-0.8256727104522746
0.7517633372130037
0.18978300593434327
0.8510926592169039
0.39783206921624137
0.7295526549898033
0.7378192575168754
0.5415085514108469
-0.21005600783058886
-0.45619720828765997
-0.8787130182194433
-0.027124126099901003
0.5801910967864832
-0.9253190401240916
0.7226753370370966
0.605139959509311
-0.28993439045009384
0.2782453469421873
0.7541833795319353
-0.4497033433318689
0.017122742894849163
0.908893937310947
-0.5230715133856502
-0.7415574891335593
0.6211665491338869
0.8883428563691085
0.7941457626338562
-0.3716057438087792
0.8244421424269326
-0.2190681946851153
-0.1405750598828297
0.5849492076822613
0.15587502637962825
-0.6757707494705252
-0.7019555447466133
-0.387499096307652
0.825498710252222
-0.3345573661527681
0.1147847110834046
0.6320902292859647
0.5810976742823317
-0.8641200505859588
-0.09657999730101341
-0.815139059389913
0.13345965103055502
-0.5654106164006951
-0.3830675113233476
0.10587639771639945
-0.9419826940463578
-0.6045404710698441
-0.9383990169263924
0.1283228900759883
0.4813002481962081
0.6235180105008395
0.8998898629547407
0.6561929445325629
-0.5203282697879754
0.23485837086288797
0.9194679406660813
0.8683599320332971
-0.5463548206074474
0.44669865489141203
0.16960967271654015
0.7895006003869898
-0.9080656180968528
0.8504644329861193
-0.889783319280852
0.8336597066362386
-0.4213772600122916
-0.32181885346872374
0.6570490842411196
0.5085313459981675
-0.4292182460227635
-0.26046291000337585
0.6322417710902597
0.642440456270807
-0.8254989026282622
-0.6024213199887134
-0.4517303223243666
-0.25319356069797005
-0.1043332767374564
-0.02394996405557326
0.1724285546891262
-0.045246790351015975
-0.45562937962226796
0.7081702305190558
0.6441276384228558
-0.23930957373887107
0.3549689889133938
0.3898258815268263
0.13466669681470345
-0.49878080639709416
0.17177657628935883
-0.5156387149551913
0.14601512028359043
-0.5261567091325967
0.8706550936924886
-0.640517026359309
-0.3366115064346207
-0.02340876204854203
-0.3517971127360904
0.7634799376302019
0.8094665858415875
0.6813634757979834
0.49759927859408815
0.5274304534889718
0.41669370964364405
-0.9228178980045303
-0.06640134045817814
-0.1135349503456069
-0.8219503452965239
0.6406271948619171
0.8363217937890985
0.9122186668834273
-0.2923872833431008
0.3288064656441434
-0.3327879816546264
-0.6325717012514787
-0.8337849747211248
0.49891563193312716
0.736565963473983
0.16552042184176008
0.36407410587961797
0.40508506670497213
-0.5028476367475176
-0.45214379591028353
0.935742131484365
-0.03304232118333872
-0.32851726674654613
-0.18557911453871012
-0.49158530196124695
0.543909850710474
-0.7428840743614737
-0.09302219416539825
-0.3777978375461052